% Fichier Texte, directement exploitable sous Matlab.
% Ce fichier contient les données extraites des trames GGA envoyées par le GPS Trimble AG132 PvfilterON (récepteur du LCPC).
%   Colonne 1 :
%       Temps UTC en microsecondes écoulées depuis le premier janvier 1970 minuit.
%       Ce temps est celui du moment où les données sont disponibles dans Maps, après acquisition et traitement.
%   Colonne 2 :
%       Temps MAPS en microsecondes.
%       Ce temps est celui du moment où les données sont disponibles dans Maps, après acquisition et traitement.
%   Colonne 3 :
%       Temps MAPS en microsecondes.
%   Colonne 4 :
%       Temps UTC. hhmmss.ss en Heures Minutes Secondes.
%       Ce temps est celui contenu dans la trame.
%       Ex : 163028.1600000 <-> 16h30min28.16s
%   Colonne 5 :
%	    Latitude WGS84 en degrés.
%   Colonne 6 :
%	    Longitude WGS84 en degrés.
%   Colonne 7 :
%	    Altitude WGS84 en mètres.
%   Colonne 8 :
%	    HDOP.
%   Colonne 9 :
%	    Mode GPS, 1 gps naturel, 2 différentiel EGNOS, 0 masquage.
%==========================================================================

AG132_GGA=[
1132760251197041.50, 1472408, 1472408, 153731.00000000, 48.78524257, 2.09946218, 158.30000000, 1.40000000, 1.00000000; 
1132760252196725.70, 2471860, 2471860, 153732.00000000, 48.78524248, 2.09946210, 158.28000000, 1.40000000, 1.00000000; 
1132760253193660.50, 3468407, 3468407, 153733.00000000, 48.78524245, 2.09946208, 158.29000000, 1.40000000, 1.00000000; 
1132760254193843.70, 4468278, 4468278, 153734.00000000, 48.78524250, 2.09946202, 158.28000000, 1.40000000, 1.00000000; 
1132760255193600.20, 5467740, 5467740, 153735.00000000, 48.78524247, 2.09946198, 158.27000000, 1.40000000, 1.00000000; 
1132760256197626.70, 6471467, 6471467, 153736.00000000, 48.78524237, 2.09946197, 158.27000000, 1.40000000, 1.00000000; 
1132760257197448.00, 7471002, 7471002, 153737.00000000, 48.78524235, 2.09946198, 158.27000000, 1.40000000, 1.00000000; 
1132760258184182.20, 8457453, 8457453, 153738.00000000, 48.78524233, 2.09946205, 158.27000000, 1.40000000, 1.00000000; 
1132760259193919.50, 9466891, 9466891, 153739.00000000, 48.78524238, 2.09946212, 158.27000000, 1.40000000, 1.00000000; 
1132760260193779.70, 10466467, 10466467, 153740.00000000, 48.78524243, 2.09946208, 158.26000000, 1.40000000, 1.00000000; 
1132760261193892.50, 11466277, 11466277, 153741.00000000, 48.78524240, 2.09946200, 158.28000000, 1.40000000, 1.00000000; 
1132760262199807.70, 12471877, 12471877, 153742.00000000, 48.78524232, 2.09946200, 158.30000000, 1.40000000, 1.00000000; 
1132760263184146.70, 13455940, 13455940, 153743.00000000, 48.78524237, 2.09946208, 158.28000000, 1.40000000, 1.00000000; 
1132760264193777.50, 14465275, 14465275, 153744.00000000, 48.78524242, 2.09946205, 158.27000000, 1.40000000, 1.00000000; 
1132760265197568.00, 15468750, 15468750, 153745.00000000, 48.78524242, 2.09946175, 158.27000000, 1.40000000, 1.00000000; 
1132760266193618.70, 16464520, 16464520, 153746.00000000, 48.78524338, 2.09945417, 158.26000000, 1.40000000, 1.00000000; 
1132760267199765.70, 17470370, 17470370, 153747.00000000, 48.78524642, 2.09943082, 158.26000000, 1.40000000, 1.00000000; 
1132760268196818.50, 18467118, 18467118, 153748.00000000, 48.78525207, 2.09939182, 158.25000000, 1.40000000, 1.00000000; 
1132760269184149.70, 19454149, 19454149, 153749.00000000, 48.78525983, 2.09933998, 158.24000000, 1.40000000, 1.00000000; 
1132760270184105.50, 20453828, 20453828, 153750.00000000, 48.78526945, 2.09927667, 158.22000000, 1.40000000, 1.00000000; 
1132760271193788.20, 21463188, 21463188, 153751.00000000, 48.78528065, 2.09920302, 158.19000000, 1.40000000, 1.00000000; 
1132760272199754.20, 22468872, 22468872, 153752.00000000, 48.78529303, 2.09911995, 158.16000000, 1.40000000, 1.00000000; 
1132760273199737.20, 23468578, 23468578, 153753.00000000, 48.78530662, 2.09902848, 158.14000000, 1.40000000, 1.00000000; 
1132760274193846.00, 24462360, 24462360, 153754.00000000, 48.78532175, 2.09892948, 158.11000000, 1.40000000, 1.00000000; 
1132760275184086.70, 25452322, 25452322, 153755.00000000, 48.78533812, 2.09882350, 158.09000000, 1.40000000, 1.00000000; 
1132760276194199.00, 26462120, 26462120, 153756.00000000, 48.78535528, 2.09871030, 158.04000000, 1.40000000, 1.00000000; 
1132760277199776.00, 27467414, 27467414, 153757.00000000, 48.78537348, 2.09858920, 157.97000000, 1.40000000, 1.00000000; 
1132760278194310.20, 28461652, 28461652, 153758.00000000, 48.78539327, 2.09846070, 157.90000000, 1.40000000, 1.00000000; 
1132760279184072.70, 29451110, 29451110, 153759.00000000, 48.78541488, 2.09832512, 157.84000000, 1.40000000, 1.00000000; 
1132760280193886.20, 30460623, 30460623, 153800.00000000, 48.78543778, 2.09818257, 157.75000000, 1.40000000, 1.00000000; 
1132760281184064.20, 31450513, 31450513, 153801.00000000, 48.78546140, 2.09803337, 157.64000000, 1.40000000, 1.00000000; 
1132760282199670.70, 32465832, 32465832, 153802.00000000, 48.78548567, 2.09787798, 157.61000000, 1.40000000, 1.00000000; 
1132760283196577.20, 33462421, 33462421, 153803.00000000, 48.78551185, 2.09771770, 157.61000000, 1.40000000, 1.00000000; 
1132760284193493.50, 34459042, 34459042, 153804.00000000, 48.78553983, 2.09755295, 157.59000000, 1.40000000, 1.00000000; 
1132760285184102.50, 35449363, 35449363, 153805.00000000, 48.78556992, 2.09738317, 157.56000000, 1.40000000, 1.00000000; 
1132760286184009.00, 36448999, 36448999, 153806.00000000, 48.78560335, 2.09720965, 157.48000000, 1.40000000, 1.00000000; 
1132760287199673.00, 37464357, 37464357, 153807.00000000, 48.78564285, 2.09703422, 157.33000000, 1.40000000, 1.00000000; 
1132760288193585.00, 38457977, 38457977, 153808.00000000, 48.78568852, 2.09685693, 157.22000000, 1.40000000, 1.00000000; 
1132760289184064.00, 39448139, 39448139, 153809.00000000, 48.78573968, 2.09667863, 157.24000000, 1.40000000, 1.00000000; 
1132760290184059.00, 40447840, 40447840, 153810.00000000, 48.78579813, 2.09650228, 157.32000000, 1.40000000, 1.00000000; 
1132760291184035.20, 41447535, 41447535, 153811.00000000, 48.78586398, 2.09632908, 157.36000000, 1.40000000, 1.00000000; 
1132760292199639.50, 42462818, 42462818, 153812.00000000, 48.78593632, 2.09615838, 157.40000000, 1.40000000, 1.00000000; 
1132760293181727.50, 43444630, 43444630, 153813.00000000, 48.78601200, 2.09598845, 157.20000000, 1.50000000, 1.00000000; 
1132760294197459.50, 44460059, 44460059, 153814.00000000, 48.78609675, 2.09582308, 157.32000000, 1.40000000, 1.00000000; 
1132760295193486.50, 45455841, 45455841, 153815.00000000, 48.78618453, 2.09565832, 157.47000000, 1.40000000, 1.00000000; 
1132760296183943.50, 46445960, 46445960, 153816.00000000, 48.78627417, 2.09549293, 157.67000000, 1.40000000, 1.00000000; 
1132760297199638.50, 47461360, 47461360, 153817.00000000, 48.78636250, 2.09532267, 157.79000000, 1.40000000, 1.00000000; 
1132760298197455.70, 48458874, 48458874, 153818.00000000, 48.78644583, 2.09514343, 157.90000000, 1.40000000, 1.00000000; 
1132760299183950.00, 49445078, 49445078, 153819.00000000, 48.78652150, 2.09495383, 158.04000000, 1.40000000, 1.00000000; 
1132760300197019.50, 50457832, 50457832, 153820.00000000, 48.78658802, 2.09475397, 158.20000000, 1.40000000, 1.00000000; 
1132760301193392.00, 51453931, 51453931, 153821.00000000, 48.78664903, 2.09454755, 158.37000000, 1.40000000, 1.00000000; 
1132760302199612.50, 52459863, 52459863, 153822.00000000, 48.78670777, 2.09433718, 158.48000000, 1.40000000, 1.00000000; 
1132760303183910.70, 53443869, 53443869, 153823.00000000, 48.78676667, 2.09412467, 158.55000000, 1.40000000, 1.00000000; 
1132760304194018.00, 54453663, 54453663, 153824.00000000, 48.78682700, 2.09391082, 158.65000000, 1.40000000, 1.00000000; 
1132760305177752.00, 55437111, 55437111, 153825.00000000, 48.78688363, 2.09369212, 158.32000000, 2.10000000, 1.00000000; 
1132760306183969.70, 56443043, 56443043, 153826.00000000, 48.78694263, 2.09347132, 158.09000000, 1.50000000, 1.00000000; 
