AG132_ZDA=[
1132760251271988.70, 1547341, 1547341, 153731.16000000, 23.00000000, 11.00000000, 2005.00000000, 0.00000000, 0.00000000; 
1132760252290451.00, 2565547, 2565547, 153732.17000000, 23.00000000, 11.00000000, 2005.00000000, 0.00000000, 0.00000000; 
1132760253275009.20, 3549730, 3549730, 153733.16000000, 23.00000000, 11.00000000, 2005.00000000, 0.00000000, 0.00000000; 
1132760254275099.50, 4549510, 4549510, 153734.15000000, 23.00000000, 11.00000000, 2005.00000000, 0.00000000, 0.00000000; 
1132760255274961.70, 5549077, 5549077, 153735.15000000, 23.00000000, 11.00000000, 2005.00000000, 0.00000000, 0.00000000; 
1132760256272615.20, 6546434, 6546434, 153736.16000000, 23.00000000, 11.00000000, 2005.00000000, 0.00000000, 0.00000000; 
1132760257291232.70, 7564760, 7564760, 153737.17000000, 23.00000000, 11.00000000, 2005.00000000, 0.00000000, 0.00000000; 
1132760258275850.70, 8549094, 8549094, 153738.15000000, 23.00000000, 11.00000000, 2005.00000000, 0.00000000, 0.00000000; 
1132760259275141.20, 9548090, 9548090, 153739.15000000, 23.00000000, 11.00000000, 2005.00000000, 0.00000000, 0.00000000; 
1132760260275090.00, 10547753, 10547753, 153740.15000000, 23.00000000, 11.00000000, 2005.00000000, 0.00000000, 0.00000000; 
1132760261274989.50, 11547348, 11547348, 153741.16000000, 23.00000000, 11.00000000, 2005.00000000, 0.00000000, 0.00000000; 
1132760262287406.20, 12559451, 12559451, 153742.17000000, 23.00000000, 11.00000000, 2005.00000000, 0.00000000, 0.00000000; 
1132760263271920.70, 13543689, 13543689, 153743.15000000, 23.00000000, 11.00000000, 2005.00000000, 0.00000000, 0.00000000; 
1132760264275019.70, 14546491, 14546491, 153744.15000000, 23.00000000, 11.00000000, 2005.00000000, 0.00000000, 0.00000000; 
1132760265277913.50, 15549073, 15549073, 153745.16000000, 23.00000000, 11.00000000, 2005.00000000, 0.00000000, 0.00000000; 
1132760266274916.50, 16545794, 16545794, 153746.16000000, 23.00000000, 11.00000000, 2005.00000000, 0.00000000, 0.00000000; 
1132760267287816.50, 17558394, 17558394, 153747.17000000, 23.00000000, 11.00000000, 2005.00000000, 0.00000000, 0.00000000; 
1132760268277814.00, 18548088, 18548088, 153748.16000000, 23.00000000, 11.00000000, 2005.00000000, 0.00000000, 0.00000000; 
1132760269272371.20, 19542347, 19542347, 153749.16000000, 23.00000000, 11.00000000, 2005.00000000, 0.00000000, 0.00000000; 
1132760270272196.20, 20541890, 20541890, 153750.15000000, 23.00000000, 11.00000000, 2005.00000000, 0.00000000, 0.00000000; 
1132760271274959.20, 21544336, 21544336, 153751.16000000, 23.00000000, 11.00000000, 2005.00000000, 0.00000000, 0.00000000; 
1132760272288020.20, 22557115, 22557115, 153752.17000000, 23.00000000, 11.00000000, 2005.00000000, 0.00000000, 0.00000000; 
1132760273287966.50, 23556777, 23556777, 153753.17000000, 23.00000000, 11.00000000, 2005.00000000, 0.00000000, 0.00000000; 
1132760274275199.20, 24543691, 24543691, 153754.16000000, 23.00000000, 11.00000000, 2005.00000000, 0.00000000, 0.00000000; 
1132760275271776.70, 25539984, 25539984, 153755.15000000, 23.00000000, 11.00000000, 2005.00000000, 0.00000000, 0.00000000; 
1132760276275455.50, 26543354, 26543354, 153756.16000000, 23.00000000, 11.00000000, 2005.00000000, 0.00000000, 0.00000000; 
1132760277287202.70, 27554815, 27554815, 153757.17000000, 23.00000000, 11.00000000, 2005.00000000, 0.00000000, 0.00000000; 
1132760278275543.50, 28542860, 28542860, 153758.15000000, 23.00000000, 11.00000000, 2005.00000000, 0.00000000, 0.00000000; 
1132760279272100.00, 29539111, 29539111, 153759.15000000, 23.00000000, 11.00000000, 2005.00000000, 0.00000000, 0.00000000; 
1132760280275121.20, 30541834, 30541834, 153800.15000000, 23.00000000, 11.00000000, 2005.00000000, 0.00000000, 0.00000000; 
1132760281271896.20, 31538321, 31538321, 153801.15000000, 23.00000000, 11.00000000, 2005.00000000, 0.00000000, 0.00000000; 
1132760282287229.00, 32553362, 32553362, 153802.17000000, 23.00000000, 11.00000000, 2005.00000000, 0.00000000, 0.00000000; 
1132760283275785.70, 33541606, 33541606, 153803.16000000, 23.00000000, 11.00000000, 2005.00000000, 0.00000000, 0.00000000; 
1132760284274716.50, 34540241, 34540241, 153804.15000000, 23.00000000, 11.00000000, 2005.00000000, 0.00000000, 0.00000000; 
1132760285271983.50, 35537221, 35537221, 153805.15000000, 23.00000000, 11.00000000, 2005.00000000, 0.00000000, 0.00000000; 
1132760286274569.70, 36539532, 36539532, 153806.16000000, 23.00000000, 11.00000000, 2005.00000000, 0.00000000, 0.00000000; 
1132760287287138.00, 37551797, 37551797, 153807.16000000, 23.00000000, 11.00000000, 2005.00000000, 0.00000000, 0.00000000; 
1132760288274744.20, 38539110, 38539110, 153808.15000000, 23.00000000, 11.00000000, 2005.00000000, 0.00000000, 0.00000000; 
1132760289271953.20, 39536002, 39536002, 153809.15000000, 23.00000000, 11.00000000, 2005.00000000, 0.00000000, 0.00000000; 
1132760290272195.70, 40535953, 40535953, 153810.15000000, 23.00000000, 11.00000000, 2005.00000000, 0.00000000, 0.00000000; 
1132760291271804.00, 41535275, 41535275, 153811.15000000, 23.00000000, 11.00000000, 2005.00000000, 0.00000000, 0.00000000; 
1132760292287443.50, 42550598, 42550598, 153812.17000000, 23.00000000, 11.00000000, 2005.00000000, 0.00000000, 0.00000000; 
1132760293262077.00, 43524954, 43524954, 153813.15000000, 23.00000000, 11.00000000, 2005.00000000, 0.00000000, 0.00000000; 
1132760294272556.00, 44535139, 44535139, 153814.16000000, 23.00000000, 11.00000000, 2005.00000000, 0.00000000, 0.00000000; 
1132760295274783.20, 45537109, 45537109, 153815.15000000, 23.00000000, 11.00000000, 2005.00000000, 0.00000000, 0.00000000; 
1132760296276567.00, 46538557, 46538557, 153816.16000000, 23.00000000, 11.00000000, 2005.00000000, 0.00000000, 0.00000000; 
1132760297277715.50, 47539413, 47539413, 153817.16000000, 23.00000000, 11.00000000, 2005.00000000, 0.00000000, 0.00000000; 
1132760298274501.00, 48535897, 48535897, 153818.16000000, 23.00000000, 11.00000000, 2005.00000000, 0.00000000, 0.00000000; 
1132760299271703.20, 49532803, 49532803, 153819.15000000, 23.00000000, 11.00000000, 2005.00000000, 0.00000000, 0.00000000; 
1132760300271996.00, 50532788, 50532788, 153820.16000000, 23.00000000, 11.00000000, 2005.00000000, 0.00000000, 0.00000000; 
1132760301274551.20, 51535067, 51535067, 153821.16000000, 23.00000000, 11.00000000, 2005.00000000, 0.00000000, 0.00000000; 
1132760302287782.20, 52548007, 52548007, 153822.17000000, 23.00000000, 11.00000000, 2005.00000000, 0.00000000, 0.00000000; 
1132760303271772.20, 53531703, 53531703, 153823.15000000, 23.00000000, 11.00000000, 2005.00000000, 0.00000000, 0.00000000; 
1132760304275119.00, 54534740, 54534740, 153824.16000000, 23.00000000, 11.00000000, 2005.00000000, 0.00000000, 0.00000000; 
1132760305259053.20, 55518390, 55518390, 153825.14000000, 23.00000000, 11.00000000, 2005.00000000, 0.00000000, 0.00000000; 
1132760306271477.20, 56530522, 56530522, 153826.15000000, 23.00000000, 11.00000000, 2005.00000000, 0.00000000, 0.00000000; 
1132760307274672.20, 57533405, 57533405, 153827.16000000, 23.00000000, 11.00000000, 2005.00000000, 0.00000000, 0.00000000; 
1132760308261985.00, 58520438, 58520438, 153828.15000000, 23.00000000, 11.00000000, 2005.00000000, 0.00000000, 0.00000000; 
1132760309261952.70, 59520098, 59520098, 153829.15000000, 23.00000000, 11.00000000, 2005.00000000, 0.00000000, 0.00000000; 
1132760310246357.50, 60504212, 60504212, 153830.14000000, 23.00000000, 11.00000000, 2005.00000000, 0.00000000, 0.00000000; 
1132760311259627.70, 61517201, 61517201, 153831.14000000, 23.00000000, 11.00000000, 2005.00000000, 0.00000000, 0.00000000; 
1132760312277560.70, 62534827, 62534827, 153832.16000000, 23.00000000, 11.00000000, 2005.00000000, 0.00000000, 0.00000000; 
1132760313261988.00, 63518954, 63518954, 153833.15000000, 23.00000000, 11.00000000, 2005.00000000, 0.00000000, 0.00000000; 
1132760314271623.20, 64528288, 64528288, 153834.15000000, 23.00000000, 11.00000000, 2005.00000000, 0.00000000, 0.00000000; 
