AG132_PPSUTC=[
1132760251000000.00, 1275404, 1275404, 34298705;
1132760252000000.00, 2275214, 2275214, 34299705;
1132760253000000.00, 3274808, 3274808, 34300705;
1132760254000000.00, 4274491, 4274491, 34301705;
1132760255000000.00, 5274198, 5274198, 34302705;
1132760256000000.00, 6273897, 6273897, 34303705;
1132760257000000.00, 7273610, 7273610, 34304705;
1132760258000000.00, 8273326, 8273326, 34305705;
1132760259000000.00, 9273026, 9273026, 34306705;
1132760260000000.00, 10272745, 10272745, 34307705;
1132760261000000.00, 11272447, 11272447, 34308705;
1132760262000000.00, 12272125, 12272125, 34309705;
1132760263000000.00, 13271846, 13271846, 34310705;
1132760264000000.00, 14271560, 14271560, 34311705;
1132760265000000.00, 15271237, 15271237, 34312705;
1132760266000000.00, 16270958, 16270958, 34313705;
1132760267000000.00, 17270665, 17270665, 34314705;
1132760268000000.00, 18270361, 18270361, 34315705;
1132760269000000.00, 19270048, 19270048, 34316705;
1132760270000000.00, 20269783, 20269783, 34317705;
1132760271000000.00, 21269455, 21269455, 34318705;
1132760272000000.00, 22269170, 22269170, 34319705;
1132760273000000.00, 23268909, 23268909, 34320705;
1132760274000000.00, 24268567, 24268567, 34321705;
1132760275000000.00, 25268294, 25268294, 34322705;
1132760276000000.00, 26267975, 26267975, 34323705;
1132760277000000.00, 27267697, 27267697, 34324705;
1132760278000000.00, 28267402, 28267402, 34325705;
1132760279000000.00, 29267092, 29267092, 34326705;
1132760280000000.00, 30266794, 30266794, 34327705;
1132760281000000.00, 31266499, 31266499, 34328705;
1132760282000000.00, 32266226, 32266226, 34329705;
1132760283000000.00, 33265902, 33265902, 34330705;
1132760284000000.00, 34265606, 34265606, 34331705;
1132760285000000.00, 35265309, 35265309, 34332705;
1132760286000000.00, 36265046, 36265046, 34333705;
1132760287000000.00, 37264741, 37264741, 34334705;
1132760288000000.00, 38264455, 38264455, 34335705;
1132760289000000.00, 39264130, 39264130, 34336705;
1132760290000000.00, 40263831, 40263831, 34337705;
1132760291000000.00, 41263560, 41263560, 34338705;
1132760292000000.00, 42263233, 42263233, 34339705;
1132760293000000.00, 43262960, 43262960, 34340705;
1132760294000000.00, 44262643, 44262643, 34341705;
1132760295000000.00, 45262423, 45262423, 34342705;
1132760296000000.00, 46262069, 46262069, 34343705;
1132760297000000.00, 47261783, 47261783, 34344705;
1132760298000000.00, 48261475, 48261475, 34345705;
1132760299000000.00, 49261187, 49261187, 34346705;
1132760300000000.00, 50260866, 50260866, 34347705;
1132760301000000.00, 51260594, 51260594, 34348705;
1132760302000000.00, 52260309, 52260309, 34349705;
1132760303000000.00, 53260016, 53260016, 34350705;
1132760304000000.00, 54259702, 54259702, 34351705;
1132760305000000.00, 55259408, 55259408, 34352705;
1132760306000000.00, 56259133, 56259133, 34353705;
1132760307000000.00, 57258808, 57258808, 34354705;
1132760308000000.00, 58258534, 58258534, 34355705;
1132760309000000.00, 59258225, 59258225, 34356705;
1132760310000000.00, 60257921, 60257921, 34357705;
1132760311000000.00, 61257651, 61257651, 34358705;
1132760312000000.00, 62257352, 62257352, 34359705;
1132760313000000.00, 63257043, 63257043, 34360705;
1132760314000000.00, 64256749, 64256749, 34361705;
1132760315000000.00, 65256439, 65256439, 34362705;
1132760316000000.00, 66256163, 66256163, 34363705;
1132760317000000.00, 67255846, 67255846, 34364705;
1132760318000000.00, 68255563, 68255563, 34365705;
1132760319000000.00, 69255256, 69255256, 34366705;
1132760320000000.00, 70254973, 70254973, 34367705;
1132760321000000.00, 71254680, 71254680, 34368706;
1132760322000000.00, 72254377, 72254377, 34369706;
1132760323000000.00, 73254088, 73254088, 34370706;
1132760324000000.00, 74253798, 74253798, 34371706;
1132760325000000.00, 75253492, 75253492, 34372706;
1132760326000000.00, 76253193, 76253193, 34373706;
1132760327000000.00, 77252898, 77252898, 34374706;
1132760328000000.00, 78252652, 78252652, 34375706;
1132760329000000.00, 79252339, 79252339, 34376706;
1132760330000000.00, 80252049, 80252049, 34377706;
1132760331000000.00, 81251785, 81251785, 34378706;
1132760332000000.00, 82251448, 82251448, 34379706;
1132760333000000.00, 83251163, 83251163, 34380706;
1132760334000000.00, 84250832, 84250832, 34381706;
1132760335000000.00, 85250545, 85250545, 34382706;
1132760336000000.00, 86250232, 86250232, 34383706;
1132760337000000.00, 87249928, 87249928, 34384706;
1132760338000000.00, 88249639, 88249639, 34385706;
1132760339000000.00, 89249346, 89249346, 34386706;
1132760340000000.00, 90249041, 90249041, 34387706;
1132760341000000.00, 91248788, 91248788, 34388706;
1132760342000000.00, 92248464, 92248464, 34389706;
1132760343000000.00, 93248148, 93248148, 34390706;
1132760344000000.00, 94247850, 94247850, 34391706;
1132760345000000.00, 95247549, 95247549, 34392706;
1132760346000000.00, 96247256, 96247256, 34393706;
1132760347000000.00, 97246961, 97246961, 34394706;
1132760348000000.00, 98246654, 98246654, 34395706;
1132760349000000.00, 99246379, 99246379, 34396706;
1132760350000000.00, 100246055, 100246055, 34397706;
1132760351000000.00, 101245762, 101245762, 34398706;
1132760352000000.00, 102245467, 102245467, 34399706;
1132760353000000.00, 103245170, 103245170, 34400706;
1132760354000000.00, 104244886, 104244886, 34401706;
1132760355000000.00, 105244595, 105244595, 34402706;
1132760356000000.00, 106244316, 106244316, 34403706;
1132760357000000.00, 107243999, 107243999, 34404706;
1132760358000000.00, 108243689, 108243689, 34405706;
1132760359000000.00, 109243419, 109243419, 34406706;
1132760360000000.00, 110243092, 110243092, 34407706;
1132760361000000.00, 111242804, 111242804, 34408706;
1132760362000000.00, 112242507, 112242507, 34409706;
1132760363000000.00, 113242223, 113242223, 34410706;
1132760364000000.00, 114241909, 114241909, 34411706;
1132760365000000.00, 115241619, 115241619, 34412706;
1132760366000000.00, 116241336, 116241336, 34413706;
1132760367000000.00, 117241053, 117241053, 34414706;
1132760368000000.00, 118240752, 118240752, 34415706;
1132760369000000.00, 119240451, 119240451, 34416706;
1132760370000000.00, 120240153, 120240153, 34417706;
1132760371000000.00, 121239855, 121239855, 34418706;
1132760372000000.00, 122239543, 122239543, 34419706;
1132760373000000.00, 123239260, 123239260, 34420706;
1132760374000000.00, 124238968, 124238968, 34421706;
1132760375000000.00, 125238673, 125238673, 34422706;
1132760376000000.00, 126238360, 126238360, 34423706;
1132760377000000.00, 127238086, 127238086, 34424706;
1132760378000000.00, 128237763, 128237763, 34425706;
1132760379000000.00, 129237471, 129237471, 34426706;
1132760380000000.00, 130237196, 130237196, 34427706;
1132760381000000.00, 131236891, 131236891, 34428706;
1132760382000000.00, 132236603, 132236603, 34429706;
1132760383000000.00, 133236286, 133236286, 34430706;
1132760384000000.00, 134235993, 134235993, 34431706;
1132760385000000.00, 135235769, 135235769, 34432706;
1132760386000000.00, 136235414, 136235414, 34433706;
1132760387000000.00, 137235125, 137235125, 34434706;
1132760388000000.00, 138234811, 138234811, 34435706;
1132760389000000.00, 139234528, 139234528, 34436706;
1132760390000000.00, 140234228, 140234228, 34437706;
1132760391000000.00, 141233915, 141233915, 34438706;
1132760392000000.00, 142233615, 142233615, 34439706;
1132760393000000.00, 143233345, 143233345, 34440706;
1132760394000000.00, 144233025, 144233025, 34441706;
1132760395000000.00, 145232725, 145232725, 34442706;
1132760396000000.00, 146232435, 146232435, 34443706;
1132760397000000.00, 147232187, 147232187, 34444706;
1132760398000000.00, 148231844, 148231844, 34445706;
1132760399000000.00, 149231560, 149231560, 34446706;
1132760400000000.00, 150231247, 150231247, 34447706;
1132760401000000.00, 151230977, 151230977, 34448706;
1132760402000000.00, 152230658, 152230658, 34449706;
1132760403000000.00, 153230381, 153230381, 34450706;
1132760404000000.00, 154230102, 154230102, 34451706;
