%
% STRICTLY CONFIDENTIAL DATA, DO NOT DISTRIBUTE
% APPROPRIATE CITATION IS REQUIERED IN ALL PUBLICATIONS
%
% Field experimentation by the Localization Group
%             An EU / FRANCE consortium
%       LCPC-IEF-LIVIC-LASMEA-UTC-EMP-INRIA
%
% Data timestamped with the SensorHub and
% post-processed with the SensorHub tool chain
%
% SensorHub, a Joint Research Unit EMP-INRIA work - 2005
%   Damien MILLESCAMPS <damien.millescamps@ensmp.fr>
%   Mikael KAIS <mikael.kais@inria.fr>
%
% Time is the number of microseconds since 01/01/1970 00:00:00 UTC.
% To obtain the date in your current timezone in the format
% DD/MM/YYYY hh:mm:ss.uuuuuu, see ctime().
%
% Experiment started @1132760186000000 = Wed Nov 23 16:36:26 2005
%
% Data From Ashtec A12 GPS Receiver
%
% Time | lattitude (deg) | longitude (deg) | Altitude (m) | Speed over Ground (km/h) | Vertical Speed (km/h) | PDOP | HDOP | VDOP | TDOP | Number of SVCs
%

SHcom9 = [
1132760185000000,48.785230,2.099463,211.010000,0.000000,0.000000,1.700000,1.200000,1.200000,1.000000,9
1132760186000000,48.785230,2.099462,211.060000,0.000000,0.000000,1.700000,1.200000,1.200000,1.000000,9
1132760187000000,48.785230,2.099462,211.100000,0.000000,0.000000,1.700000,1.200000,1.200000,1.000000,9
1132760188000000,48.785230,2.099462,211.140000,0.000000,0.000000,1.700000,1.200000,1.200000,1.000000,9
1132760189000000,48.785231,2.099461,211.190000,0.000000,0.000000,1.700000,1.200000,1.200000,1.000000,9
1132760190000000,48.785231,2.099461,211.240000,0.000000,0.000000,1.700000,1.200000,1.200000,1.000000,9
1132760191000000,48.785231,2.099461,211.270000,0.000000,0.000000,1.700000,1.200000,1.200000,1.000000,9
1132760192000000,48.785231,2.099461,211.330000,0.000000,-0.000000,1.700000,1.200000,1.200000,1.000000,9
1132760193000000,48.785231,2.099461,211.320000,0.000000,0.000000,1.700000,1.200000,1.200000,1.000000,9
1132760194000000,48.785232,2.099460,211.320000,0.000000,0.000000,1.700000,1.200000,1.200000,1.000000,9
1132760195000000,48.785232,2.099460,211.280000,0.000000,0.000000,1.700000,1.200000,1.200000,1.000000,9
1132760196000000,48.785232,2.099460,211.240000,0.000000,-0.000000,1.700000,1.200000,1.200000,1.000000,9
1132760197000000,48.785232,2.099460,211.180000,0.000000,-0.000000,1.700000,1.200000,1.200000,1.000000,9
1132760198000000,48.785232,2.099460,211.150000,0.000000,0.000000,1.700000,1.200000,1.200000,1.000000,9
1132760199000000,48.785232,2.099460,211.140000,0.000000,-0.000000,1.700000,1.200000,1.200000,1.000000,9
1132760200000000,48.785232,2.099460,211.110000,0.000000,0.000000,1.700000,1.200000,1.200000,1.000000,9
1132760201000000,48.785232,2.099460,211.090000,0.000000,0.000000,1.700000,1.200000,1.200000,1.000000,9
1132760202000000,48.785232,2.099461,211.060000,0.000000,0.000000,1.700000,1.200000,1.200000,1.000000,9
1132760203000000,48.785232,2.099461,211.020000,0.000000,0.000000,1.700000,1.200000,1.200000,1.000000,9
1132760204000000,48.785231,2.099461,211.000000,0.000000,0.000000,1.700000,1.200000,1.200000,1.000000,9
1132760205000000,48.785231,2.099461,210.950000,0.000000,0.000000,1.700000,1.200000,1.200000,1.000000,9
1132760206000000,48.785231,2.099461,210.910000,0.000000,0.000000,1.700000,1.200000,1.200000,1.000000,9
1132760207000000,48.785231,2.099461,210.860000,0.000000,-0.000000,1.700000,1.200000,1.200000,1.000000,9
1132760208000000,48.785231,2.099460,210.830000,0.000000,-0.000000,1.700000,1.200000,1.200000,1.000000,9
1132760209000000,48.785231,2.099460,210.800000,0.000000,0.000000,1.700000,1.200000,1.200000,1.000000,9
1132760210000000,48.785231,2.099460,210.760000,0.000000,0.000000,1.700000,1.200000,1.200000,1.000000,9
1132760211000000,48.785232,2.099460,210.730000,0.000000,-0.000000,1.700000,1.200000,1.200000,1.000000,9
1132760212000000,48.785232,2.099459,210.730000,0.000000,-0.000000,1.700000,1.200000,1.200000,1.000000,9
1132760213000000,48.785232,2.099459,210.690000,0.000000,0.000000,1.700000,1.200000,1.200000,1.000000,9
1132760214000000,48.785232,2.099459,210.800000,0.000000,0.000000,1.700000,1.200000,1.200000,1.000000,9
1132760215000000,48.785232,2.099459,210.850000,0.000000,0.000000,1.700000,1.200000,1.200000,1.000000,9
1132760216000000,48.785232,2.099459,210.930000,0.000000,0.000000,1.700000,1.200000,1.200000,1.000000,9
1132760217000000,48.785232,2.099460,210.990000,0.000000,0.000000,1.700000,1.200000,1.200000,1.000000,9
1132760218000000,48.785232,2.099460,210.990000,0.000000,0.000000,1.700000,1.200000,1.200000,1.000000,9
1132760219000000,48.785232,2.099459,211.020000,0.000000,0.000000,1.700000,1.200000,1.200000,1.000000,9
1132760220000000,48.785232,2.099459,211.040000,0.000000,-0.000000,1.700000,1.200000,1.200000,1.000000,9
1132760221000000,48.785232,2.099459,211.060000,0.000000,0.000000,1.700000,1.200000,1.200000,1.000000,9
1132760222000000,48.785232,2.099458,211.120000,0.000000,0.000000,1.700000,1.200000,1.200000,1.000000,9
1132760223000000,48.785231,2.099458,211.170000,0.000000,0.000000,1.700000,1.200000,1.200000,1.000000,9
1132760224000000,48.785230,2.099458,211.250000,0.000000,0.000000,1.700000,1.200000,1.200000,1.000000,9
1132760225000000,48.785230,2.099457,211.290000,0.000000,0.000000,1.700000,1.200000,1.200000,1.000000,9
1132760226000000,48.785229,2.099457,211.330000,0.000000,0.000000,1.700000,1.200000,1.200000,1.000000,9
1132760227000000,48.785229,2.099457,211.380000,0.000000,0.000000,1.700000,1.200000,1.200000,1.000000,9
1132760228000000,48.785229,2.099457,211.430000,0.000000,0.000000,1.700000,1.200000,1.200000,1.000000,9
1132760229000000,48.785229,2.099457,211.470000,0.000000,0.000000,1.700000,1.200000,1.200000,1.000000,9
1132760230000000,48.785229,2.099457,211.500000,0.000000,0.000000,1.700000,1.200000,1.200000,1.000000,9
1132760231000000,48.785229,2.099457,211.520000,0.000000,0.000000,1.700000,1.200000,1.200000,1.000000,9
1132760232000000,48.785229,2.099457,211.550000,0.000000,0.000000,1.700000,1.200000,1.200000,1.000000,9
1132760233000000,48.785229,2.099457,211.700000,0.000000,0.000000,1.700000,1.200000,1.200000,1.000000,9
1132760234000000,48.785229,2.099458,211.810000,0.000000,0.000000,1.700000,1.200000,1.200000,1.000000,9
1132760235000000,48.785228,2.099458,211.830000,0.000000,0.000000,1.700000,1.200000,1.200000,1.000000,9
1132760236000000,48.785227,2.099458,211.820000,0.000000,-0.000000,1.700000,1.200000,1.200000,1.000000,9
1132760237000000,48.785227,2.099459,211.820000,0.000000,0.000000,1.700000,1.200000,1.200000,1.000000,9
1132760238000000,48.785226,2.099459,211.830000,0.000000,0.000000,1.700000,1.200000,1.200000,1.000000,9
1132760239000000,48.785225,2.099459,211.850000,0.000000,0.000000,1.700000,1.200000,1.200000,1.000000,9
1132760240000000,48.785225,2.099460,211.880000,0.000000,0.000000,1.700000,1.200000,1.200000,1.000000,9
1132760241000000,48.785224,2.099460,211.850000,0.000000,0.000000,1.700000,1.200000,1.200000,1.000000,9
1132760242000000,48.785224,2.099461,211.830000,0.000000,0.000000,1.700000,1.200000,1.200000,1.000000,9
1132760243000000,48.785224,2.099461,211.810000,0.000000,0.000000,1.700000,1.200000,1.200000,1.000000,9
1132760244000000,48.785224,2.099461,211.720000,0.000000,0.000000,1.700000,1.200000,1.200000,1.000000,9
1132760245000000,48.785224,2.099461,211.700000,0.000000,0.000000,1.700000,1.200000,1.200000,1.000000,9
1132760246000000,48.785224,2.099462,211.700000,0.000000,0.000000,1.700000,1.200000,1.200000,1.000000,9
1132760247000000,48.785224,2.099462,211.670000,0.000000,0.000000,1.700000,1.200000,1.200000,1.000000,9
1132760248000000,48.785224,2.099461,211.660000,0.000000,0.000000,1.700000,1.200000,1.200000,1.000000,9
1132760249000000,48.785224,2.099461,211.640000,0.000000,0.000000,1.700000,1.200000,1.200000,1.000000,9
1132760250000000,48.785224,2.099461,211.630000,0.000000,0.000000,1.700000,1.200000,1.200000,1.000000,9
1132760251000000,48.785224,2.099461,211.600000,0.000000,0.000000,1.700000,1.100000,1.200000,1.000000,9
1132760252000000,48.785224,2.099460,211.600000,0.000000,0.000000,1.700000,1.100000,1.200000,1.000000,9
